22
08-19-02-30.scaffold_6__237376-238411  0.0000000 0.0575267 0.0000010 7.1153572 0.0615565 7.1153572 0.0839598 0.0593511 0.0593511 0.0839598 0.0020480 0.0020480 0.0000010 0.0009596 0.0890344 0.0739372 7.1153576 0.0615565 0.0369401 0.0009597 0.0009608 7.1153572 
08-31-08-91.scaffold_29__164587-163552 0.0575267 0.0000000 0.0575267 7.1153579 0.0736793 7.1153579 0.0899404 0.0781798 0.0781798 0.0899404 0.0592063 0.0592063 0.0572161 0.0585980 0.0951870 0.0705502 7.1153578 0.0736793 0.0677605 0.0586120 0.0586841 7.1153579 
08-36-03-25.scaffold_157__8093-9128    0.0000010 0.0575267 0.0000000 7.1153572 0.0615565 7.1153572 0.0839598 0.0593511 0.0593511 0.0839598 0.0020480 0.0020480 0.0000010 0.0009596 0.0890344 0.0739372 7.1153576 0.0615565 0.0369401 0.0009597 0.0009608 7.1153572 
12-7504462.scaffold_83__29744-30883    7.1153572 7.1153579 7.1153572 0.0000000 7.0476674 0.0000010 7.0263233 7.0284291 7.0284291 7.0263233 7.1171674 7.1171674 7.1354893 7.1153571 7.0778106 7.0258361 0.0269985 7.0476674 7.0406496 7.1167614 7.1486461 0.0000010 
1F1SW_F4.scaffold_19__127351-126316    0.0615565 0.0736793 0.0615565 7.0476674 0.0000000 7.0476674 0.0426667 0.0218569 0.0218569 0.0426667 0.0646907 0.0646907 0.0627175 0.0626302 0.0471761 0.0353687 7.0476677 0.0000010 0.0695330 0.0626454 0.0627225 7.0476674 
A1163.scaffold_41__240571-239432       7.1153572 7.1153579 7.1153572 0.0000010 7.0476674 0.0000000 7.0263233 7.0284291 7.0284291 7.0263233 7.1171674 7.1171674 7.1354893 7.1153571 7.0778106 7.0258361 0.0269985 7.0476674 7.0406496 7.1167614 7.1486461 0.0000010 
A1163.scaffold_62__153246-154281       0.0839598 0.0899404 0.0839598 7.0263233 0.0426667 7.0263233 0.0000000 0.0405280 0.0405280 0.0000010 0.0900079 0.0900079 0.0880675 0.0850758 0.0039327 0.0503156 7.0263236 0.0426667 0.0763417 0.0850988 0.0840418 7.0263233 
AF41.scaffold_27__196635-197670        0.0593511 0.0781798 0.0593511 7.0284291 0.0218569 7.0284291 0.0405280 0.0000000 0.0000010 0.0405280 0.0646907 0.0646907 0.0627175 0.0604204 0.0450043 0.0168584 7.0284295 0.0218569 0.0694884 0.0604349 0.0605090 7.0284291 
AF72.scaffold_19__205258-204223        0.0593511 0.0781798 0.0593511 7.0284291 0.0218569 7.0284291 0.0405280 0.0000010 0.0000000 0.0405280 0.0646907 0.0646907 0.0627175 0.0604204 0.0450043 0.0168584 7.0284295 0.0218569 0.0694884 0.0604349 0.0605090 7.0284291 
CEA10.scaffold_211__4549-3514          0.0839598 0.0899404 0.0839598 7.0263233 0.0426667 7.0263233 0.0000010 0.0405280 0.0405280 0.0000000 0.0900079 0.0900079 0.0880675 0.0850758 0.0039327 0.0503156 7.0263236 0.0426667 0.0763417 0.0850988 0.0840418 7.0263233 
CM2495.scaffold_297__23891-24863       0.0020480 0.0592063 0.0020480 7.1171674 0.0646907 7.1171674 0.0900079 0.0646907 0.0646907 0.0900079 0.0000000 0.0000010 0.0000010 0.0030744 0.0900079 0.0804428 7.1171678 0.0646907 0.0383514 0.0030750 0.0030788 7.1171674 
CM2730.scaffold_296__4490-3518         0.0020480 0.0592063 0.0020480 7.1171674 0.0646907 7.1171674 0.0900079 0.0646907 0.0646907 0.0900079 0.0000010 0.0000000 0.0000010 0.0030744 0.0900079 0.0804428 7.1171678 0.0646907 0.0383514 0.0030750 0.0030788 7.1171674 
CM2733.scaffold_549__3-969             0.0000010 0.0572161 0.0000010 7.1354893 0.0627175 7.1354893 0.0880675 0.0627175 0.0627175 0.0880675 0.0000010 0.0000010 0.0000000 0.0010283 0.0880675 0.0784855 7.1354897 0.0627175 0.0363472 0.0010285 0.0010298 7.1354893 
F13619.scaffold_48__80026-81061        0.0009596 0.0585980 0.0009596 7.1153571 0.0626302 7.1153571 0.0850758 0.0604204 0.0604204 0.0850758 0.0030744 0.0030744 0.0010283 0.0000000 0.0901656 0.0750363 7.1153575 0.0626302 0.0379666 0.0019208 0.0019230 7.1153571 
IFM_58026.scaffold_526__3132-2100      0.0890344 0.0951870 0.0890344 7.0778106 0.0471761 7.0778106 0.0039327 0.0450043 0.0450043 0.0039327 0.0900079 0.0900079 0.0880675 0.0901656 0.0000000 0.0549493 7.0778109 0.0471761 0.0813231 0.0901907 0.0891225 7.0778106 
IFM_61407.scaffold_860__1378-2413      0.0739372 0.0705502 0.0739372 7.0258361 0.0353687 7.0258361 0.0503156 0.0168584 0.0168584 0.0503156 0.0804428 0.0804428 0.0784855 0.0750363 0.0549493 0.0000000 7.0258361 0.0353687 0.0799148 0.0750557 0.0751495 7.0258361 
IFM_61578.scaffold_202__21882-23021    7.1153576 7.1153578 7.1153576 0.0269985 7.0476677 0.0269985 7.0263236 7.0284295 7.0284295 7.0263236 7.1171678 7.1171678 7.1354897 7.1153575 7.0778109 7.0258361 0.0000000 7.0476677 7.0406499 7.1167618 7.1486465 0.0269985 
IFM_61610.scaffold_2__39173-38138      0.0615565 0.0736793 0.0615565 7.0476674 0.0000010 7.0476674 0.0426667 0.0218569 0.0218569 0.0426667 0.0646907 0.0646907 0.0627175 0.0626302 0.0471761 0.0353687 7.0476677 0.0000000 0.0695330 0.0626454 0.0627225 7.0476674 
ISSF_21.scaffold_26__25439-24404       0.0369401 0.0677605 0.0369401 7.0406496 0.0695330 7.0406496 0.0763417 0.0694884 0.0694884 0.0763417 0.0383514 0.0383514 0.0363472 0.0379666 0.0813231 0.0799148 7.0406499 0.0695330 0.0000000 0.0379747 0.0380200 7.0406496 
TP12.scaffold_508__10068-9033          0.0009597 0.0586120 0.0009597 7.1167614 0.0626454 7.1167614 0.0850988 0.0604349 0.0604349 0.0850988 0.0030750 0.0030750 0.0010285 0.0019208 0.0901907 0.0750557 7.1167618 0.0626454 0.0379747 0.0000000 0.0019234 7.1167614 
TP32.scaffold_212__4554-3519           0.0009608 0.0586841 0.0009608 7.1486461 0.0627225 7.1486461 0.0840418 0.0605090 0.0605090 0.0840418 0.0030788 0.0030788 0.0010298 0.0019230 0.0891225 0.0751495 7.1486465 0.0627225 0.0380200 0.0019234 0.0000000 7.1486461 
Afu5g14900_hrmA                        7.1153572 7.1153579 7.1153572 0.0000010 7.0476674 0.0000010 7.0263233 7.0284291 7.0284291 7.0263233 7.1171674 7.1171674 7.1354893 7.1153571 7.0778106 7.0258361 0.0269985 7.0476674 7.0406496 7.1167614 7.1486461 0.0000000 
